7732077321
77322
77329
77330
77333
77334
77335
77336
77331
77278






77328
77340
77337
77343
77344
77345
77342
77339
77341
77338
77348
77363
77357
77358
77365
77367
77368
77369
77370
77371
77366
77372
77364
77379
77375
77378
77380
77381
77374
77376
77373
77377
77382
77383
77388
77393
77397
77391
77404
77405
77406
77412
77410
77414
77416
77417
77418
77411
77413
77415
77426
77419
77420
77421
77423
77427
77425
77424
77422
77435
77428
77430
77431
77433
77434
77436
77442
77438
77439
77441
77443
77444
